1111010
10111
110110
1000001
111
100
100
101101
100010
100010
110110
1000001
1000001
1000001
11
10
1001100
1011001
100
111000
1001011
100001
100000000
101101
11101010
1111010
10111
110110
1000001
111
100
100
101101
101101
100010
110110
1000001
1000001
1000001
11
10
1001100
1011001
100
111000
1001011
100001
100000000
101101
11101010
1111010
10111
110110
1000001
111
100
100
101101
100010
100010
110110
1000001
1000001
1000001
11
10
1001100
1011001
100
111000
1001011
100001
100000000
101101
11101010
11101010
1111010
10111
110110
1000001
111
100
100
101101
101101
100010
110110
1000001
1000001
1000001
11
10
1001100
1011001
100
111000
1001011
100001
100000000
101101
1111010
10111
110110
1000001
111
100
100
101101
100010
100010
110110
1000001
1000001
1000001
11
10
1001100
1011001
100
111000
1001011
100001
100000000
101101
11101010
1111010
10111
110110
1000001
111
100
100
101101
101101
100010
110110
1000001
1000001
1000001
11
10
1001100
1011001
100
111000
1001011
100001
100000000
101101
11101010
1111010
10111
110110
1000001
111
100
100
101101
100010
100010
110110
1000001
1000001
1000001
11
10
1001100
1011001
100
111000
1001011
100001
100000000
101101
11101010
11101010
1111010
10111
110110
1000001
111
100
100
101101
101101
100010
110110
1000001
1000001
1000001
11
10
1001100
1011001
100
111000
1001011
100001
100000000
101101
1111010
10111
110110
1000001
111
100
100
101101
100010
100010
110110
1000001
1000001
1000001
11
10
1001100
1011001
100
111000
1001011
100001
100000000
101101
11101010
1111010
10111
110110
1000001
111
100
100
101101
101101
100010
110110
1000001
1000001
1000001
11
10
1001100
1011001
100
111000
1001011
100001
100000000
101101
11101010
1111010
10111
110110
1000001
111
100
100
101101
100010
100010
110110
1000001
1000001
1000001
11
10
1001100
1011001
100
111000
1001011
100001
100000000
101101
11101010
11101010
1111010
10111
110110
1000001
111
100
100
101101
101101
100010
110110
1000001
1000001
1000001
11
10
1001100
1011001
100
111000
1001011
100001
100000000
101101
1111010
10111
110110
1000001
111
100
100
101101
100010
100010
110110
1000001
1000001
1000001
11
10
1001100
1011001
100
111000
1001011
100001
100000000
101101
11101010
1111010
10111
110110
1000001
111
100
100
101101
101101
100010
110110
1000001
1000001
1000001
11
10
1001100
1011001
100
111000
1001011
100001
100000000
101101
11101010
1111010
10111
110110
1000001
111
100
100
101101
100010
100010
110110
1000001
1000001
1000001
11
10
1001100
1011001
100
111000
1001011
100001
100000000
101101
11101010
11101010
1111010
10111
110110
1000001
111
100
100
101101
101101
100010
110110
1000001
1000001
1000001
11
10
1001100
1011001
100
111000
1001011
100001
100000000
101101
1111010
10111
110110
1000001
111
100
100
101101
100010
100010
110110
1000001
1000001
1000001
11
10
1001100
1011001
100
111000
1001011
100001
100000000
101101
11101010
1111010
10111
110110
1000001
111
100
100
101101
101101
100010
110110
1000001
1000001
1000001
11
10
1001100
1011001
100
111000
1001011
100001
100000000
101101
11101010
1111010
10111
110110
1000001
111
100
100
101101
100010
100010
110110
1000001
1000001
1000001
11
10
1001100
1011001
100
111000
1001011
100001
100000000
101101
11101010
11101010
1111010
10111
110110
1000001
111
100
100
101101
101101
100010
110110
1000001
1000001
1000001
11
10
1001100
1011001
100
111000
1001011
100001
100000000
101101

